221,162,207,191,176,185,153,208,124,194,110,223,87,246,0.7607843137254902,0.796078431372549,0.6509803921568628,32
228,164,0.7647058823529411,0.796078431372549,0.6549019607843137,32
31,223,17,252,0.5607843137254902,0.6078431372549019,0.5137254901960784,32
192,31,169,8,0.8235294117647058,0.8235294117647058,0.6745098039215687,32
108,255,0.7098039215686275,0.7450980392156863,0.6392156862745098,32
159,51,152,82,152,114,120,114,112,145,116,177,112,209,89,232,61,248,34,232,39,200,39,168,62,145,59,113,59,81,69,51,46,28,0.7568627450980392,0.7686274509803922,0.6352941176470588,32
192,141,178,112,149,98,117,98,110,129,108,161,111,193,97,222,77,247,46,255,0.7568627450980392,0.796078431372549,0.6627450980392157,32
32,78,19,49,48,35,78,47,101,70,83,97,0.7490196078431373,0.7686274509803922,0.6196078431372549,32
26,77,0.7607843137254902,0.7764705882352941,0.6196078431372549,32
159,64,171,94,0.7450980392156863,0.7607843137254902,0.6274509803921569,32
64,61,59,29,28,21,0.45098039215686275,0.5529411764705883,0.5725490196078431,32
231,159,221,129,0.7647058823529411,0.796078431372549,0.6509803921568628,32
64,160,64,128,60,96,63,64,61,32,32,18,2,8,0.43137254901960786,0.5176470588235295,0.49411764705882355,32
127,95,113,124,107,155,110,187,100,217,86,246,0.6588235294117647,0.6784313725490196,0.5294117647058824,32
224,127,195,113,163,113,134,127,134,159,148,188,171,211,200,197,232,197,0.7372549019607844,0.7843137254901961,0.6,32
224,31,201,8,0.7215686274509804,0.7568627450980392,0.615686274509804,32
192,64,224,64,242,37,228,8,0.796078431372549,0.8196078431372549,0.6823529411764706,32
64,96,72,65,77,33,50,15,19,9,0.403921568627451,0.49411764705882355,0.48627450980392156,32
127,63,110,90,104,121,102,153,104,185,96,216,76,241,45,249,0.5098039215686274,0.5490196078431373,0.4588235294117647,32
227,192,0.6941176470588235,0.7333333333333333,0.5764705882352941,32
127,160,142,188,148,219,0.6862745098039216,0.6980392156862745,0.5176470588235295,32
161,127,131,117,119,147,125,178,127,210,127,242,95,242,0.7764705882352941,0.8,0.6941176470588235,32
32,96,46,67,40,36,9,29,0.7568627450980392,0.7647058823529411,0.5764705882352941,32
32,63,4,47,0.7058823529411765,0.7333333333333333,0.6352941176470588,32
95,223,72,246,40,246,0.5411764705882353,0.592156862745098,0.4980392156862745,32
95,255,0.6941176470588235,0.7254901960784313,0.6235294117647059,32
127,128,125,160,136,190,154,217,186,217,215,203,244,189,0.7411764705882353,0.7490196078431373,0.5764705882352941,32
42,223,10,223,0.5803921568627451,0.6235294117647059,0.5450980392156862,32
180,42,0.8431372549019608,0.8431372549019608,0.6980392156862745,32
128,254,105,231,78,249,0.7058823529411765,0.7450980392156863,0.596078431372549,32
127,222,113,251,82,245,52,255,0.6509803921568628,0.6784313725490196,0.4823529411764706,32
160,137,0.7843137254901961,0.807843137254902,0.7058823529411765,32
162,192,194,192,226,192,0.7215686274509804,0.7450980392156863,0.592156862745098,32
221,192,253,192,0.6941176470588235,0.7294117647058823,0.5725490196078431,32
31,128,54,151,50,183,41,214,70,228,99,241,129,229,152,206,182,216,214,216,246,216,246,248,0.7333333333333333,0.7294117647058823,0.5607843137254902,32
224,64,242,37,228,8,0.7372549019607844,0.788235294117647,0.6196078431372549,32
192,47,0.8352941176470589,0.8431372549019608,0.7019607843137254,32
20,31,0.40784313725490196,0.4627450980392157,0.43529411764705883,32
224,49,210,20,0.7568627450980392,0.8,0.6431372549019608,32
159,31,149,61,142,92,115,110,110,142,115,174,115,206,101,235,72,249,40,249,0.7058823529411765,0.7098039215686275,0.5764705882352941,32
31,160,45,189,32,218,18,247,0.615686274509804,0.6274509803921569,0.49411764705882355,32
64,64,64,32,35,18,4,11,0.45098039215686275,0.5529411764705883,0.5725490196078431,32
33,128,63,118,63,86,70,55,57,26,0.7294117647058823,0.7333333333333333,0.5647058823529412,32
200,224,229,238,0.6313725490196078,0.6627450980392157,0.4549019607843137,32
255,234,0.6392156862745098,0.7176470588235294,0.4588235294117647,32
161,160,184,183,213,169,242,183,0.7686274509803922,0.792156862745098,0.6901960784313725,32
64,152,62,120,62,88,67,56,53,27,22,19,0.43137254901960786,0.5176470588235295,0.49411764705882355,32
27,63,0.7137254901960784,0.7372549019607844,0.6313725490196078,32
59,255,0.6666666666666666,0.6745098039215687,0.5333333333333333,32
160,224,189,210,212,187,241,201,0.6666666666666666,0.6901960784313725,0.5058823529411764,32
26,96,0.7686274509803922,0.7686274509803922,0.5803921568627451,32
38,160,70,160,70,128,65,96,70,64,72,32,45,16,0.611764705882353,0.6431372549019608,0.5294117647058824,32
158,139,0.788235294117647,0.807843137254902,0.7058823529411765,32
155,127,132,104,150,77,150,45,160,15,0.7803921568627451,0.803921568627451,0.6901960784313725,32
31,240,0.5803921568627451,0.6196078431372549,0.5098039215686274,32
159,192,190,198,219,184,248,198,0.7215686274509804,0.7450980392156863,0.5882352941176471,32
182,31,153,45,143,75,129,104,113,131,113,163,118,195,112,226,85,242,0.8392156862745098,0.8313725490196079,0.6823529411764706,32
127,126,125,158,136,188,136,220,122,249,0.7411764705882353,0.7490196078431373,0.5764705882352941,32
190,64,219,78,249,68,249,36,220,22,0.796078431372549,0.8196078431372549,0.6784313725490196,32
159,160,188,174,217,160,240,183,0.7686274509803922,0.792156862745098,0.6862745098039216,32
192,127,169,104,139,94,116,117,111,149,116,181,114,213,98,240,68,252,37,246,37,214,60,191,67,160,67,128,64,96,72,65,77,33,0.7450980392156863,0.7843137254901961,0.6431372549019608,32
79,197,87,183,103,181,105,165,108,149,0.23137254901960785,0.30980392156862746,0.32941176470588235,16
90,112,75,117,70,132,79,145,85,160,91,175,95,191,89,206,83,221,75,235,61,228,0.1411764705882353,0.21568627450980393,0.23137254901960785,16
96,95,101,110,97,125,94,141,97,157,91,172,84,186,74,199,67,213,51,210,0.1843137254901961,0.2549019607843137,0.25882352941176473,16
62,15,78,17,94,17,109,12,0.1450980392156863,0.20392156862745098,0.2196078431372549,16
93,32,77,32,63,25,47,24,32,19,16,19,6,6,0.10980392156862745,0.16470588235294117,0.21176470588235294,16
90,144,79,133,72,119,79,105,79,89,83,73,90,58,99,45,115,46,122,32,137,26,148,15,154,0,0.18823529411764706,0.2627450980392157,0.26666666666666666,16
91,160,75,158,75,142,64,130,62,114,67,99,75,85,78,69,84,54,85,38,71,31,56,25,40,24,31,11,42,0,0.23137254901960785,0.3058823529411765,0.29411764705882354,16
128,16,115,25,101,33,87,40,73,32,58,26,42,24,32,11,43,0,0.13725490196078433,0.1803921568627451,0.1803921568627451,16
79,191,88,178,104,178,106,162,108,146,0.24313725490196078,0.33725490196078434,0.3568627450980392,16
90,105,106,105,109,89,110,73,116,58,124,44,140,44,0.13725490196078433,0.21176470588235294,0.23137254901960785,16
28,0,0.14901960784313725,0.20392156862745098,0.23921568627450981,16
79,21,90,10,103,1,0.11764705882352941,0.1803921568627451,0.2196078431372549,16
130,4,123,18,109,25,98,36,83,40,69,32,54,25,38,24,27,13,13,20,4,7,0.09019607843137255,0.13333333333333333,0.1450980392156863,16
79,127,79,111,80,95,82,79,89,64,100,52,100,36,115,32,127,22,141,14,151,1,0.19607843137254902,0.28627450980392155,0.3215686274509804,16
81,196,97,196,104,182,107,166,109,150,0.23137254901960785,0.30980392156862746,0.3254901960784314,16
78,15,94,11,105,0,0.13725490196078433,0.2,0.22745098039215686,16
90,95,106,95,106,111,102,126,101,142,105,158,104,174,102,190,0.15294117647058825,0.22745098039215686,0.2549019607843137,16
79,109,80,93,82,77,88,62,100,51,93,37,77,34,63,26,47,25,31,21,15,20,4,9,0.21176470588235294,0.3176470588235294,0.36470588235294116,16
84,191,95,180,95,164,105,151,103,135,100,119,104,103,106,87,106,71,113,56,116,40,126,28,141,23,152,12,0.23529411764705882,0.3137254901960784,0.3254901960784314,16
79,128,79,112,81,96,83,80,89,65,100,54,110,41,121,30,135,23,149,15,155,0,0.19607843137254902,0.28627450980392155,0.3215686274509804,16
88,128,74,135,64,122,68,106,75,91,77,75,82,60,93,48,107,56,121,63,134,54,143,40,0.1607843137254902,0.23137254901960785,0.24705882352941178,16
96,32,80,32,67,23,51,21,44,7,0.10980392156862745,0.16862745098039217,0.21176470588235294,16
144,0,144,16,136,30,125,41,110,46,102,60,86,63,75,74,71,89,66,104,55,115,0.2235294117647059,0.25098039215686274,0.2235294117647059,16
93,27,100,13,0.09803921568627451,0.15294117647058825,0.20392156862745098,16
96,102,96,118,93,134,93,150,90,166,74,168,74,184,62,194,61,210,66,225,76,237,92,240,0.17254901960784313,0.24313725490196078,0.23921568627450981,16
32,0,24,14,8,14,5,30,0.14901960784313725,0.21176470588235294,0.24705882352941178,16
90,79,106,79,110,64,115,49,124,36,140,33,148,19,155,5,0.20392156862745098,0.29411764705882354,0.3137254901960784,16
96,25,107,36,119,25,133,17,147,9,0.09803921568627451,0.1568627450980392,0.20784313725490197,16
77,208,61,208,59,192,57,176,66,163,68,147,57,136,55,120,52,104,50,88,0.28627450980392155,0.35294117647058826,0.3568627450980392,16
128,32,113,36,102,48,87,44,73,36,58,29,42,29,27,25,12,21,2,9,0.30196078431372547,0.35294117647058826,0.28627450980392155,16
62,19,47,14,35,24,22,15,13,2,0.13333333333333333,0.19215686274509805,0.2196078431372549,16
96,72,85,61,96,49,110,56,114,71,107,86,107,102,104,118,100,133,101,149,103,165,99,180,97,196,90,210,85,225,80,240,66,247,0.20784313725490197,0.2980392156862745,0.3137254901960784,16
95,15,106,4,0.11372549019607843,0.17647058823529413,0.2235294117647059,16
116,144,120,151,114,157,114,165,113,173,117,180,113,187,0.8901960784313725,0.8588235294117647,0.5450980392156862,8
7,51,11,44,5,39,0,33,1,25,0.2784313725490196,0.3686274509803922,0.3215686274509804,8
109,128,117,128,123,122,124,114,132,111,0.7568627450980392,0.796078431372549,0.6627450980392157,8
42,208,50,207,54,200,56,192,53,185,0.7843137254901961,0.8117647058823529,0.7019607843137254,8
119,103,116,110,111,116,107,123,105,131,107,139,110,147,112,155,111,163,111,171,113,179,107,185,105,193,102,200,100,208,92,206,0.8196078431372549,0.807843137254902,0.611764705882353,8
65,76,65,84,57,87,52,80,52,72,0.5529411764705883,0.6980392156862745,0.7607843137254902,8
53,240,61,239,66,246,71,252,0.8352941176470589,0.8666666666666667,0.8196078431372549,8
160,16,157,23,155,31,152,39,148,46,145,54,146,62,149,70,0.8313725490196079,0.8,0.5843137254901961,8
122,71,114,74,112,82,109,90,109,98,0.8196078431372549,0.8196078431372549,0.6666666666666666,8
112,120,119,124,125,118,131,124,128,132,121,135,115,140,112,147,114,155,115,163,109,169,111,177,110,185,105,192,102,199,99,207,106,211,0.8352941176470589,0.8352941176470589,0.596078431372549,8
183,255,0.6274509803921569,0.6705882352941176,0.41568627450980394,8
29,38,22,35,14,35,13,43,17,50,0.7843137254901961,0.7843137254901961,0.7372549019607844,8
96,254,92,247,98,241,97,233,89,232,0.9058823529411765,0.9372549019607843,0.8941176470588236,8
70,47,78,47,83,53,78,60,74,67,75,75,0.6823529411764706,0.7803921568627451,0.8235294117647058,8
56,233,54,225,50,218,43,214,47,207,52,201,54,193,0.803921568627451,0.8235294117647058,0.7803921568627451,8
101,228,105,221,101,214,93,215,91,223,0.8274509803921568,0.8588235294117647,0.6470588235294118,8
16,213,15,221,23,223,28,217,30,209,33,201,0.2901960784313726,0.3686274509803922,0.3176470588235294,8
87,254,0.8235294117647058,0.8117647058823529,0.7098039215686275,8
48,161,55,156,56,148,56,140,55,132,0.8117647058823529,0.8588235294117647,0.7529411764705882,8
96,247,90,242,94,235,93,227,95,219,98,212,103,206,98,200,94,193,0.807843137254902,0.8549019607843137,0.807843137254902,8
151,47,149,55,153,62,158,68,153,74,0.8862745098039215,0.8862745098039215,0.7333333333333333,8
50,232,58,235,61,242,65,249,0.9098039215686274,0.9411764705882353,0.8980392156862745,8
95,247,87,244,82,250,76,255,0.8196078431372549,0.8627450980392157,0.8156862745098039,8
158,31,155,38,152,46,149,53,151,61,0.9098039215686274,0.8901960784313725,0.6745098039215687,8
161,14,158,21,155,29,152,37,149,44,145,51,145,59,148,66,0.8274509803921568,0.8,0.6078431372549019,8
40,103,34,98,36,90,44,87,43,79,42,71,0.9137254901960784,0.8941176470588236,0.6509803921568628,8
50,231,42,231,40,239,43,247,43,255,0.9098039215686274,0.9411764705882353,0.8941176470588236,8
119,159,112,162,111,170,113,178,106,182,102,189,97,195,92,201,0.7764705882352941,0.7607843137254902,0.5137254901960784,8
44,136,52,135,52,127,51,119,48,112,46,104,45,96,43,88,42,80,41,72,0.8549019607843137,0.8666666666666667,0.7647058823529411,8
130,71,126,64,119,60,113,65,111,73,0.6823529411764706,0.6941176470588235,0.5294117647058824,8
43,205,47,212,43,219,44,227,41,234,0.807843137254902,0.8313725490196079,0.7137254901960784,8
0,191,0.6352941176470588,0.5137254901960784,0.3176470588235294,8
47,223,41,228,39,236,39,244,40,252,0.7843137254901961,0.807843137254902,0.7058823529411765,8
111,121,111,129,105,134,109,141,110,149,112,157,110,165,112,173,114,181,110,188,105,194,102,201,99,209,91,212,0.8274509803921568,0.8313725490196079,0.6039215686274509,8
119,80,124,86,130,91,138,92,140,84,148,84,0.7764705882352941,0.7764705882352941,0.596078431372549,8
64,71,56,70,55,62,60,55,67,52,75,54,83,53,88,46,0.5294117647058824,0.6823529411764706,0.7529411764705882,8
63,248,63,240,58,234,55,226,51,219,45,213,49,206,53,199,54,191,0.8431372549019608,0.792156862745098,0.5294117647058824,8
48,128,47,120,43,113,44,105,44,97,41,89,40,81,39,73,0.8705882352941177,0.8862745098039215,0.803921568627451,8
157,39,154,46,153,54,145,54,144,46,147,39,151,32,154,25,156,17,159,10,162,3,0.9176470588235294,0.9019607843137255,0.7333333333333333,8
48,136,53,130,53,122,50,115,47,107,46,99,44,91,42,83,41,75,41,67,0.8235294117647058,0.8509803921568627,0.7529411764705882,8
122,73,130,73,132,81,140,83,146,89,0.8313725490196079,0.8274509803921568,0.6666666666666666,8
48,127,46,119,41,113,44,106,44,98,41,90,39,82,39,74,0.8705882352941177,0.8823529411764706,0.796078431372549,8
167,7,163,14,159,21,156,29,153,37,150,44,146,51,146,59,149,66,0.8666666666666667,0.8509803921568627,0.6784313725490196,8
116,143,117,151,109,153,108,161,107,169,0.8901960784313725,0.8588235294117647,0.5568627450980392,8
95,232,97,240,98,248,103,255,0.7803921568627451,0.8156862745098039,0.6980392156862745,8
119,95,115,102,114,110,109,117,106,124,104,132,107,140,109,148,111,156,109,164,110,172,111,180,119,180,0.7686274509803922,0.7803921568627451,0.611764705882353,8
118,135,112,141,111,149,113,157,111,165,113,173,117,180,113,187,0.8392156862745098,0.8235294117647058,0.596078431372549,8
50,150,43,147,40,140,32,141,26,147,32,153,0.7764705882352941,0.8196078431372549,0.7176470588235294,8
99,223,91,224,88,232,88,240,84,247,77,251,69,249,69,241,0.8196078431372549,0.8588235294117647,0.6941176470588235,8
115,115,0.8549019607843137,0.8431372549019608,0.5843137254901961,8
13,212,10,204,3,200,0.29411764705882354,0.3568627450980392,0.28627450980392155,8
8,207,16,206,22,211,23,219,20,226,12,225,4,225,0.3333333333333333,0.3686274509803922,0.25882352941176473,8
101,215,93,215,91,223,88,230,87,238,0.6901960784313725,0.7647058823529411,0.6549019607843137,8
46,130,50,123,47,116,44,109,44,101,42,93,39,86,39,78,39,70,0.8901960784313725,0.8980392156862745,0.8,8
64,247,60,240,56,233,54,225,50,218,43,214,47,207,52,201,54,193,51,186,0.8274509803921568,0.788235294117647,0.5372549019607843,8
119,168,125,162,129,155,135,150,140,156,0.7764705882352941,0.7529411764705882,0.45098039215686275,8
143,56,144,64,146,72,142,79,142,87,135,91,0.6588235294117647,0.6862745098039216,0.6078431372549019,8
117,111,109,112,105,119,102,126,100,134,0.8509803921568627,0.8313725490196079,0.5803921568627451,8
119,163,115,156,111,149,109,141,108,133,102,128,103,120,0.8,0.7764705882352941,0.49019607843137253,8
74,49,81,46,86,52,88,60,81,64,0.6549019607843137,0.7686274509803922,0.8117647058823529,8
36,81,38,73,38,65,37,57,34,49,35,41,30,35,23,32,16,29,0.9098039215686274,0.8980392156862745,0.6431372549019608,8
151,50,153,58,161,60,167,54,175,54,0.8705882352941177,0.8901960784313725,0.7803921568627451,8
72,250,74,242,82,244,90,242,94,235,93,227,95,219,98,212,103,206,98,200,94,193,0.7294117647058823,0.7058823529411765,0.4745098039215686,8
99,233,105,228,108,221,101,217,93,214,0.7725490196078432,0.8196078431372549,0.7058823529411765,8
47,127,43,120,35,121,31,128,25,133,18,137,0.8823529411764706,0.8941176470588236,0.796078431372549,8
35,88,42,85,41,77,40,69,40,61,0.9019607843137255,0.8784313725490196,0.5490196078431373,8
56,240,61,234,57,227,53,220,49,213,49,205,53,198,53,190,0.8313725490196079,0.8509803921568627,0.8,8
94,254,86,255,0.9176470588235294,0.9411764705882353,0.9058823529411765,8
63,45,63,53,71,54,78,57,85,53,89,46,0.6509803921568628,0.7450980392156863,0.7803921568627451,8
159,17,156,24,154,32,151,40,147,47,145,55,147,63,0.8117647058823529,0.7803921568627451,0.5568627450980392,8
248,104,249,96,255,90,0.6196078431372549,0.6784313725490196,0.5098039215686274,8
64,249,68,242,61,238,57,231,54,224,50,217,44,212,49,206,53,199,54,191,0.8470588235294118,0.788235294117647,0.5019607843137255,8
23,39,18,46,18,54,14,61,9,68,4,75,0.8627450980392157,0.8705882352941177,0.8392156862745098,8
157,44,154,52,146,53,147,61,151,68,0.9176470588235294,0.9176470588235294,0.788235294117647,8
40,105,38,97,45,93,43,85,42,77,41,69,0.9215686274509803,0.8980392156862745,0.6549019607843137,8
49,223,41,224,39,216,42,209,49,206,53,199,54,191,0.807843137254902,0.8274509803921568,0.7372549019607844,8
40,112,44,105,44,97,41,89,40,81,39,73,0.9098039215686274,0.8784313725490196,0.5725490196078431,8
